Knight Tour started at 2019-10-26_09-44-37.631121 from [[0, 4], [2, 5], [3, 7]]
('Thread ', 8, ' found result @ ', 40840.12253022194)
[[0, 4], [2, 5], [3, 7], [4, 5], [5, 7], [6, 5], [7, 7], [5, 6], [6, 4], [7, 6], [5, 5], [6, 7], [7, 5], [6, 3], [7, 1], [5, 2], [6, 0], [7, 2], [5, 3], [6, 1], [7, 3], [5, 4], [6, 6], [7, 4], [6, 2], [7, 0], [5, 1], [4, 3], [3, 5], [4, 7], [2, 6], [0, 7], [1, 5], [2, 3], [3, 1], [5, 0], [4, 2], [3, 0], [1, 1], [0, 3], [2, 2], [1, 0], [0, 2], [1, 4], [0, 6], [2, 7], [4, 6], [3, 4], [1, 3], [0, 1], [2, 0], [4, 1], [3, 3], [1, 2], [0, 0], [2, 1], [4, 0], [3, 2], [4, 4], [3, 6], [1, 7], [0, 5], [2, 4], [1, 6]]
('Thread ', 8, ' found result @ ', 41323.25166416168)
[[0, 4], [2, 5], [3, 7], [4, 5], [5, 7], [6, 5], [7, 7], [5, 6], [6, 4], [7, 6], [5, 5], [6, 7], [7, 5], [6, 3], [7, 1], [5, 2], [6, 0], [7, 2], [5, 3], [6, 1], [7, 3], [5, 4], [6, 6], [7, 4], [6, 2], [7, 0], [5, 1], [4, 3], [3, 5], [4, 7], [2, 6], [0, 7], [1, 5], [2, 3], [1, 1], [0, 3], [2, 2], [3, 0], [4, 2], [5, 0], [3, 1], [1, 0], [0, 2], [1, 4], [0, 6], [2, 7], [4, 6], [3, 4], [1, 3], [0, 1], [2, 0], [4, 1], [3, 3], [1, 2], [0, 0], [2, 1], [4, 0], [3, 2], [4, 4], [3, 6], [1, 7], [0, 5], [2, 4], [1, 6]]
('Thread ', 8, ' found result @ ', 41523.62264275551)
[[0, 4], [2, 5], [3, 7], [4, 5], [5, 7], [6, 5], [7, 7], [5, 6], [6, 4], [7, 6], [5, 5], [6, 7], [7, 5], [6, 3], [7, 1], [5, 2], [6, 0], [7, 2], [5, 3], [6, 1], [7, 3], [5, 4], [6, 6], [7, 4], [6, 2], [7, 0], [5, 1], [4, 3], [3, 5], [4, 7], [2, 6], [0, 7], [1, 5], [2, 3], [1, 1], [3, 0], [4, 2], [5, 0], [3, 1], [1, 0], [0, 2], [1, 4], [0, 6], [2, 7], [4, 6], [3, 4], [1, 3], [0, 5], [1, 7], [3, 6], [4, 4], [3, 2], [4, 0], [2, 1], [0, 0], [1, 2], [3, 3], [4, 1], [2, 0], [0, 1], [2, 2], [0, 3], [2, 4], [1, 6]]
('Thread ', 8, ' found result @ ', 41852.401663303375)
[[0, 4], [2, 5], [3, 7], [4, 5], [5, 7], [6, 5], [7, 7], [5, 6], [6, 4], [7, 6], [5, 5], [6, 7], [7, 5], [6, 3], [7, 1], [5, 2], [6, 0], [7, 2], [5, 3], [6, 1], [7, 3], [5, 4], [6, 6], [7, 4], [6, 2], [7, 0], [5, 1], [4, 3], [3, 5], [4, 7], [2, 6], [0, 7], [1, 5], [2, 3], [4, 4], [3, 6], [1, 7], [0, 5], [1, 3], [0, 1], [2, 0], [3, 2], [4, 0], [2, 1], [0, 0], [1, 2], [3, 3], [4, 1], [2, 2], [3, 4], [4, 6], [2, 7], [0, 6], [1, 4], [0, 2], [1, 0], [3, 1], [5, 0], [4, 2], [3, 0], [1, 1], [0, 3], [2, 4], [1, 6]]
('Thread ', 8, ' found result @ ', 41868.01940250397)
[[0, 4], [2, 5], [3, 7], [4, 5], [5, 7], [6, 5], [7, 7], [5, 6], [6, 4], [7, 6], [5, 5], [6, 7], [7, 5], [6, 3], [7, 1], [5, 2], [6, 0], [7, 2], [5, 3], [6, 1], [7, 3], [5, 4], [6, 6], [7, 4], [6, 2], [7, 0], [5, 1], [4, 3], [3, 5], [4, 7], [2, 6], [0, 7], [1, 5], [2, 3], [4, 4], [3, 6], [1, 7], [0, 5], [1, 3], [0, 1], [2, 0], [4, 1], [3, 3], [1, 2], [0, 0], [2, 1], [4, 0], [3, 2], [1, 1], [3, 0], [4, 2], [5, 0], [3, 1], [1, 0], [0, 2], [1, 4], [0, 6], [2, 7], [4, 6], [3, 4], [2, 2], [0, 3], [2, 4], [1, 6]]
('Thread ', 8, ' found result @ ', 41875.71134567261)
[[0, 4], [2, 5], [3, 7], [4, 5], [5, 7], [6, 5], [7, 7], [5, 6], [6, 4], [7, 6], [5, 5], [6, 7], [7, 5], [6, 3], [7, 1], [5, 2], [6, 0], [7, 2], [5, 3], [6, 1], [7, 3], [5, 4], [6, 6], [7, 4], [6, 2], [7, 0], [5, 1], [4, 3], [3, 5], [4, 7], [2, 6], [0, 7], [1, 5], [2, 3], [4, 4], [3, 6], [1, 7], [0, 5], [1, 3], [3, 4], [4, 6], [2, 7], [0, 6], [1, 4], [0, 2], [1, 0], [3, 1], [5, 0], [4, 2], [3, 0], [2, 2], [0, 1], [2, 0], [4, 1], [3, 3], [1, 2], [0, 0], [2, 1], [4, 0], [3, 2], [1, 1], [0, 3], [2, 4], [1, 6]]
('Thread ', 8, ' found result @ ', 41875.87820792198)
[[0, 4], [2, 5], [3, 7], [4, 5], [5, 7], [6, 5], [7, 7], [5, 6], [6, 4], [7, 6], [5, 5], [6, 7], [7, 5], [6, 3], [7, 1], [5, 2], [6, 0], [7, 2], [5, 3], [6, 1], [7, 3], [5, 4], [6, 6], [7, 4], [6, 2], [7, 0], [5, 1], [4, 3], [3, 5], [4, 7], [2, 6], [0, 7], [1, 5], [2, 3], [4, 4], [3, 6], [1, 7], [0, 5], [1, 3], [3, 4], [4, 6], [2, 7], [0, 6], [1, 4], [0, 2], [1, 0], [3, 1], [5, 0], [4, 2], [3, 0], [1, 1], [0, 3], [2, 2], [0, 1], [2, 0], [4, 1], [3, 3], [1, 2], [0, 0], [2, 1], [4, 0], [3, 2], [2, 4], [1, 6]]
('Thread ', 8, ' found result @ ', 41875.91611075401)
[[0, 4], [2, 5], [3, 7], [4, 5], [5, 7], [6, 5], [7, 7], [5, 6], [6, 4], [7, 6], [5, 5], [6, 7], [7, 5], [6, 3], [7, 1], [5, 2], [6, 0], [7, 2], [5, 3], [6, 1], [7, 3], [5, 4], [6, 6], [7, 4], [6, 2], [7, 0], [5, 1], [4, 3], [3, 5], [4, 7], [2, 6], [0, 7], [1, 5], [2, 3], [4, 4], [3, 6], [1, 7], [0, 5], [1, 3], [3, 4], [4, 6], [2, 7], [0, 6], [1, 4], [0, 2], [1, 0], [3, 1], [5, 0], [4, 2], [3, 0], [1, 1], [3, 2], [4, 0], [2, 1], [0, 0], [1, 2], [3, 3], [4, 1], [2, 0], [0, 1], [2, 2], [0, 3], [2, 4], [1, 6]]
('Thread ', 8, ' found result @ ', 41904.0038421154)
[[0, 4], [2, 5], [3, 7], [4, 5], [5, 7], [6, 5], [7, 7], [5, 6], [6, 4], [7, 6], [5, 5], [6, 7], [7, 5], [6, 3], [7, 1], [5, 2], [6, 0], [7, 2], [5, 3], [6, 1], [7, 3], [5, 4], [6, 6], [7, 4], [6, 2], [7, 0], [5, 1], [4, 3], [3, 5], [4, 7], [2, 6], [0, 7], [1, 5], [2, 3], [4, 4], [3, 6], [1, 7], [0, 5], [1, 3], [3, 2], [4, 0], [2, 1], [0, 0], [1, 2], [3, 3], [4, 1], [2, 0], [0, 1], [2, 2], [3, 4], [4, 6], [2, 7], [0, 6], [1, 4], [0, 2], [1, 0], [3, 1], [5, 0], [4, 2], [3, 0], [1, 1], [0, 3], [2, 4], [1, 6]]
('Thread ', 8, ' found result @ ', 42070.55108523369)
[[0, 4], [2, 5], [3, 7], [4, 5], [5, 7], [6, 5], [7, 7], [5, 6], [6, 4], [7, 6], [5, 5], [6, 7], [7, 5], [6, 3], [7, 1], [5, 2], [6, 0], [7, 2], [5, 3], [6, 1], [7, 3], [5, 4], [6, 6], [7, 4], [6, 2], [7, 0], [5, 1], [4, 3], [3, 5], [4, 7], [2, 6], [0, 7], [1, 5], [2, 3], [4, 4], [3, 2], [4, 0], [2, 1], [0, 0], [1, 2], [3, 3], [4, 1], [2, 0], [0, 1], [2, 2], [0, 3], [1, 1], [3, 0], [4, 2], [5, 0], [3, 1], [1, 0], [0, 2], [1, 4], [0, 6], [2, 7], [4, 6], [3, 4], [1, 3], [0, 5], [1, 7], [3, 6], [2, 4], [1, 6]]
('Thread ', 8, ' found result @ ', 42308.99616622925)
[[0, 4], [2, 5], [3, 7], [4, 5], [5, 7], [6, 5], [7, 7], [5, 6], [6, 4], [7, 6], [5, 5], [6, 7], [7, 5], [6, 3], [7, 1], [5, 2], [6, 0], [7, 2], [5, 3], [6, 1], [7, 3], [5, 4], [6, 6], [7, 4], [6, 2], [7, 0], [5, 1], [4, 3], [3, 5], [4, 7], [2, 6], [0, 7], [1, 5], [2, 3], [4, 2], [5, 0], [3, 1], [1, 0], [0, 2], [1, 4], [0, 6], [2, 7], [4, 6], [3, 4], [1, 3], [0, 5], [1, 7], [3, 6], [4, 4], [3, 2], [4, 0], [2, 1], [0, 0], [1, 2], [3, 3], [4, 1], [2, 0], [0, 1], [2, 2], [3, 0], [1, 1], [0, 3], [2, 4], [1, 6]]
('Thread ', 8, ' found result @ ', 42673.81100511551)
[[0, 4], [2, 5], [3, 7], [4, 5], [5, 7], [6, 5], [7, 7], [5, 6], [6, 4], [7, 6], [5, 5], [6, 7], [7, 5], [6, 3], [7, 1], [5, 2], [6, 0], [7, 2], [5, 3], [6, 1], [7, 3], [5, 4], [6, 6], [7, 4], [6, 2], [7, 0], [5, 1], [4, 3], [3, 5], [4, 7], [2, 6], [0, 7], [1, 5], [2, 3], [0, 2], [1, 4], [0, 6], [2, 7], [4, 6], [3, 4], [1, 3], [0, 5], [1, 7], [3, 6], [4, 4], [3, 2], [4, 0], [2, 1], [0, 0], [1, 2], [3, 3], [4, 1], [2, 0], [0, 1], [2, 2], [1, 0], [3, 1], [5, 0], [4, 2], [3, 0], [1, 1], [0, 3], [2, 4], [1, 6]]
('Thread ', 8, ' found result @ ', 42758.851459264755)
[[0, 4], [2, 5], [3, 7], [4, 5], [5, 7], [6, 5], [7, 7], [5, 6], [6, 4], [7, 6], [5, 5], [6, 7], [7, 5], [6, 3], [7, 1], [5, 2], [6, 0], [7, 2], [5, 3], [6, 1], [7, 3], [5, 4], [6, 6], [7, 4], [6, 2], [7, 0], [5, 1], [4, 3], [3, 5], [4, 7], [2, 6], [0, 7], [1, 5], [2, 3], [0, 2], [1, 0], [2, 2], [3, 4], [4, 6], [2, 7], [0, 6], [1, 4], [3, 3], [4, 1], [2, 0], [0, 1], [1, 3], [0, 5], [1, 7], [3, 6], [4, 4], [3, 2], [4, 0], [2, 1], [0, 0], [1, 2], [3, 1], [5, 0], [4, 2], [3, 0], [1, 1], [0, 3], [2, 4], [1, 6]]
('Thread ', 8, ' found result @ ', 42815.58828473091)
[[0, 4], [2, 5], [3, 7], [4, 5], [5, 7], [6, 5], [7, 7], [5, 6], [6, 4], [7, 6], [5, 5], [6, 7], [7, 5], [6, 3], [7, 1], [5, 2], [6, 0], [7, 2], [5, 3], [6, 1], [7, 3], [5, 4], [6, 6], [7, 4], [6, 2], [7, 0], [5, 1], [4, 3], [3, 5], [4, 7], [2, 6], [0, 7], [1, 5], [2, 3], [0, 2], [1, 0], [2, 2], [0, 1], [2, 0], [4, 1], [3, 3], [1, 4], [0, 6], [2, 7], [4, 6], [3, 4], [1, 3], [0, 5], [1, 7], [3, 6], [4, 4], [3, 2], [4, 0], [2, 1], [0, 0], [1, 2], [3, 1], [5, 0], [4, 2], [3, 0], [1, 1], [0, 3], [2, 4], [1, 6]]
('Thread ', 8, ' found result @ ', 42822.00835609436)
[[0, 4], [2, 5], [3, 7], [4, 5], [5, 7], [6, 5], [7, 7], [5, 6], [6, 4], [7, 6], [5, 5], [6, 7], [7, 5], [6, 3], [7, 1], [5, 2], [6, 0], [7, 2], [5, 3], [6, 1], [7, 3], [5, 4], [6, 6], [7, 4], [6, 2], [7, 0], [5, 1], [4, 3], [3, 5], [4, 7], [2, 6], [0, 7], [1, 5], [2, 3], [0, 2], [1, 0], [3, 1], [5, 0], [4, 2], [3, 4], [4, 6], [2, 7], [0, 6], [1, 4], [3, 3], [4, 1], [2, 0], [1, 2], [0, 0], [2, 1], [4, 0], [3, 2], [4, 4], [3, 6], [1, 7], [0, 5], [1, 3], [0, 1], [2, 2], [3, 0], [1, 1], [0, 3], [2, 4], [1, 6]]
('Thread ', 8, ' found result @ ', 42825.61876344681)
[[0, 4], [2, 5], [3, 7], [4, 5], [5, 7], [6, 5], [7, 7], [5, 6], [6, 4], [7, 6], [5, 5], [6, 7], [7, 5], [6, 3], [7, 1], [5, 2], [6, 0], [7, 2], [5, 3], [6, 1], [7, 3], [5, 4], [6, 6], [7, 4], [6, 2], [7, 0], [5, 1], [4, 3], [3, 5], [4, 7], [2, 6], [0, 7], [1, 5], [2, 3], [0, 2], [1, 0], [3, 1], [5, 0], [4, 2], [3, 4], [4, 6], [2, 7], [0, 6], [1, 4], [3, 3], [1, 2], [0, 0], [2, 1], [4, 0], [3, 2], [4, 4], [3, 6], [1, 7], [0, 5], [1, 3], [0, 1], [2, 0], [4, 1], [2, 2], [3, 0], [1, 1], [0, 3], [2, 4], [1, 6]]
('Thread ', 8, ' found result @ ', 42852.81165957451)
[[0, 4], [2, 5], [3, 7], [4, 5], [5, 7], [6, 5], [7, 7], [5, 6], [6, 4], [7, 6], [5, 5], [6, 7], [7, 5], [6, 3], [7, 1], [5, 2], [6, 0], [7, 2], [5, 3], [6, 1], [7, 3], [5, 4], [6, 6], [7, 4], [6, 2], [7, 0], [5, 1], [4, 3], [3, 5], [4, 7], [2, 6], [0, 7], [1, 5], [2, 3], [0, 2], [1, 0], [3, 1], [5, 0], [4, 2], [3, 0], [1, 1], [0, 3], [2, 2], [3, 4], [4, 6], [2, 7], [0, 6], [1, 4], [3, 3], [4, 1], [2, 0], [0, 1], [1, 3], [0, 5], [1, 7], [3, 6], [4, 4], [3, 2], [4, 0], [2, 1], [0, 0], [1, 2], [2, 4], [1, 6]]
('Thread ', 8, ' found result @ ', 42854.20687365532)
[[0, 4], [2, 5], [3, 7], [4, 5], [5, 7], [6, 5], [7, 7], [5, 6], [6, 4], [7, 6], [5, 5], [6, 7], [7, 5], [6, 3], [7, 1], [5, 2], [6, 0], [7, 2], [5, 3], [6, 1], [7, 3], [5, 4], [6, 6], [7, 4], [6, 2], [7, 0], [5, 1], [4, 3], [3, 5], [4, 7], [2, 6], [0, 7], [1, 5], [2, 3], [0, 2], [1, 0], [3, 1], [5, 0], [4, 2], [3, 0], [1, 1], [0, 3], [2, 2], [1, 4], [0, 6], [2, 7], [4, 6], [3, 4], [1, 3], [0, 1], [2, 0], [4, 1], [3, 3], [1, 2], [0, 0], [2, 1], [4, 0], [3, 2], [4, 4], [3, 6], [1, 7], [0, 5], [2, 4], [1, 6]]
('Thread ', 8, ' found result @ ', 42855.35973763466)
[[0, 4], [2, 5], [3, 7], [4, 5], [5, 7], [6, 5], [7, 7], [5, 6], [6, 4], [7, 6], [5, 5], [6, 7], [7, 5], [6, 3], [7, 1], [5, 2], [6, 0], [7, 2], [5, 3], [6, 1], [7, 3], [5, 4], [6, 6], [7, 4], [6, 2], [7, 0], [5, 1], [4, 3], [3, 5], [4, 7], [2, 6], [0, 7], [1, 5], [2, 3], [0, 2], [1, 0], [3, 1], [5, 0], [4, 2], [3, 0], [1, 1], [0, 3], [2, 2], [4, 1], [3, 3], [1, 4], [0, 6], [2, 7], [4, 6], [3, 4], [1, 3], [0, 1], [2, 0], [1, 2], [0, 0], [2, 1], [4, 0], [3, 2], [4, 4], [3, 6], [1, 7], [0, 5], [2, 4], [1, 6]]
('Thread ', 8, ' found result @ ', 42856.28527522087)
[[0, 4], [2, 5], [3, 7], [4, 5], [5, 7], [6, 5], [7, 7], [5, 6], [6, 4], [7, 6], [5, 5], [6, 7], [7, 5], [6, 3], [7, 1], [5, 2], [6, 0], [7, 2], [5, 3], [6, 1], [7, 3], [5, 4], [6, 6], [7, 4], [6, 2], [7, 0], [5, 1], [4, 3], [3, 5], [4, 7], [2, 6], [0, 7], [1, 5], [2, 3], [0, 2], [1, 0], [3, 1], [5, 0], [4, 2], [3, 0], [1, 1], [0, 3], [2, 2], [4, 1], [2, 0], [0, 1], [1, 3], [3, 4], [4, 6], [2, 7], [0, 6], [1, 4], [3, 3], [1, 2], [0, 0], [2, 1], [4, 0], [3, 2], [4, 4], [3, 6], [1, 7], [0, 5], [2, 4], [1, 6]]
('Thread ', 8, ' found result @ ', 42856.6981856823)
[[0, 4], [2, 5], [3, 7], [4, 5], [5, 7], [6, 5], [7, 7], [5, 6], [6, 4], [7, 6], [5, 5], [6, 7], [7, 5], [6, 3], [7, 1], [5, 2], [6, 0], [7, 2], [5, 3], [6, 1], [7, 3], [5, 4], [6, 6], [7, 4], [6, 2], [7, 0], [5, 1], [4, 3], [3, 5], [4, 7], [2, 6], [0, 7], [1, 5], [2, 3], [0, 2], [1, 0], [3, 1], [5, 0], [4, 2], [3, 0], [1, 1], [0, 3], [2, 2], [0, 1], [1, 3], [3, 4], [4, 6], [2, 7], [0, 6], [1, 4], [3, 3], [4, 1], [2, 0], [1, 2], [0, 0], [2, 1], [4, 0], [3, 2], [4, 4], [3, 6], [1, 7], [0, 5], [2, 4], [1, 6]]
('Thread ', 8, ' found result @ ', 42857.508288383484)
[[0, 4], [2, 5], [3, 7], [4, 5], [5, 7], [6, 5], [7, 7], [5, 6], [6, 4], [7, 6], [5, 5], [6, 7], [7, 5], [6, 3], [7, 1], [5, 2], [6, 0], [7, 2], [5, 3], [6, 1], [7, 3], [5, 4], [6, 6], [7, 4], [6, 2], [7, 0], [5, 1], [4, 3], [3, 5], [4, 7], [2, 6], [0, 7], [1, 5], [2, 3], [0, 2], [1, 0], [3, 1], [5, 0], [4, 2], [3, 0], [1, 1], [0, 3], [2, 2], [0, 1], [2, 0], [4, 1], [3, 3], [1, 4], [0, 6], [2, 7], [4, 6], [3, 4], [1, 3], [0, 5], [1, 7], [3, 6], [4, 4], [3, 2], [4, 0], [2, 1], [0, 0], [1, 2], [2, 4], [1, 6]]
('Thread ', 8, ' found result @ ', 43080.37638950348)
[[0, 4], [2, 5], [3, 7], [4, 5], [5, 7], [6, 5], [7, 7], [5, 6], [6, 4], [7, 6], [5, 5], [6, 7], [7, 5], [6, 3], [7, 1], [5, 2], [6, 0], [7, 2], [5, 3], [6, 1], [7, 3], [5, 4], [6, 6], [7, 4], [6, 2], [7, 0], [5, 1], [4, 3], [3, 5], [4, 7], [2, 6], [0, 7], [1, 5], [0, 3], [1, 1], [2, 3], [3, 1], [5, 0], [4, 2], [3, 0], [2, 2], [1, 0], [0, 2], [1, 4], [0, 6], [2, 7], [4, 6], [3, 4], [1, 3], [0, 1], [2, 0], [4, 1], [3, 3], [1, 2], [0, 0], [2, 1], [4, 0], [3, 2], [4, 4], [3, 6], [1, 7], [0, 5], [2, 4], [1, 6]]
('Thread ', 8, ' found result @ ', 43227.09997010231)
[[0, 4], [2, 5], [3, 7], [4, 5], [5, 7], [6, 5], [7, 7], [5, 6], [6, 4], [7, 6], [5, 5], [6, 7], [7, 5], [6, 3], [7, 1], [5, 2], [6, 0], [7, 2], [5, 3], [6, 1], [7, 3], [5, 4], [6, 6], [7, 4], [6, 2], [7, 0], [5, 1], [4, 3], [3, 5], [4, 7], [2, 6], [0, 7], [1, 5], [0, 3], [1, 1], [2, 3], [4, 4], [3, 6], [1, 7], [0, 5], [1, 3], [3, 4], [4, 6], [2, 7], [0, 6], [1, 4], [0, 2], [1, 0], [3, 1], [5, 0], [4, 2], [3, 0], [2, 2], [0, 1], [2, 0], [4, 1], [3, 3], [1, 2], [0, 0], [2, 1], [4, 0], [3, 2], [2, 4], [1, 6]]
('Thread ', 8, ' found result @ ', 43278.02443385124)
[[0, 4], [2, 5], [3, 7], [4, 5], [5, 7], [6, 5], [7, 7], [5, 6], [6, 4], [7, 6], [5, 5], [6, 7], [7, 5], [6, 3], [7, 1], [5, 2], [6, 0], [7, 2], [5, 3], [6, 1], [7, 3], [5, 4], [6, 6], [7, 4], [6, 2], [7, 0], [5, 1], [4, 3], [3, 5], [4, 7], [2, 6], [0, 7], [1, 5], [0, 3], [1, 1], [2, 3], [4, 4], [3, 2], [4, 0], [2, 1], [0, 0], [1, 2], [3, 3], [4, 1], [2, 0], [0, 1], [2, 2], [3, 0], [4, 2], [5, 0], [3, 1], [1, 0], [0, 2], [1, 4], [0, 6], [2, 7], [4, 6], [3, 4], [1, 3], [0, 5], [1, 7], [3, 6], [2, 4], [1, 6]]
('Thread ', 8, ' found result @ ', 43487.371191978455)
[[0, 4], [2, 5], [3, 7], [4, 5], [5, 7], [6, 5], [7, 7], [5, 6], [6, 4], [7, 6], [5, 5], [6, 7], [7, 5], [6, 3], [7, 1], [5, 2], [6, 0], [7, 2], [5, 3], [6, 1], [7, 3], [5, 4], [6, 6], [7, 4], [6, 2], [7, 0], [5, 1], [4, 3], [3, 5], [4, 7], [2, 6], [0, 7], [1, 5], [0, 3], [1, 1], [2, 3], [0, 2], [1, 0], [3, 1], [5, 0], [4, 2], [3, 0], [2, 2], [3, 4], [4, 6], [2, 7], [0, 6], [1, 4], [3, 3], [4, 1], [2, 0], [0, 1], [1, 3], [0, 5], [1, 7], [3, 6], [4, 4], [3, 2], [4, 0], [2, 1], [0, 0], [1, 2], [2, 4], [1, 6]]
('Thread ', 8, ' found result @ ', 43488.736354112625)
[[0, 4], [2, 5], [3, 7], [4, 5], [5, 7], [6, 5], [7, 7], [5, 6], [6, 4], [7, 6], [5, 5], [6, 7], [7, 5], [6, 3], [7, 1], [5, 2], [6, 0], [7, 2], [5, 3], [6, 1], [7, 3], [5, 4], [6, 6], [7, 4], [6, 2], [7, 0], [5, 1], [4, 3], [3, 5], [4, 7], [2, 6], [0, 7], [1, 5], [0, 3], [1, 1], [2, 3], [0, 2], [1, 0], [3, 1], [5, 0], [4, 2], [3, 0], [2, 2], [1, 4], [0, 6], [2, 7], [4, 6], [3, 4], [1, 3], [0, 1], [2, 0], [4, 1], [3, 3], [1, 2], [0, 0], [2, 1], [4, 0], [3, 2], [4, 4], [3, 6], [1, 7], [0, 5], [2, 4], [1, 6]]
('Thread ', 8, ' found result @ ', 43489.868258953094)
[[0, 4], [2, 5], [3, 7], [4, 5], [5, 7], [6, 5], [7, 7], [5, 6], [6, 4], [7, 6], [5, 5], [6, 7], [7, 5], [6, 3], [7, 1], [5, 2], [6, 0], [7, 2], [5, 3], [6, 1], [7, 3], [5, 4], [6, 6], [7, 4], [6, 2], [7, 0], [5, 1], [4, 3], [3, 5], [4, 7], [2, 6], [0, 7], [1, 5], [0, 3], [1, 1], [2, 3], [0, 2], [1, 0], [3, 1], [5, 0], [4, 2], [3, 0], [2, 2], [4, 1], [3, 3], [1, 4], [0, 6], [2, 7], [4, 6], [3, 4], [1, 3], [0, 1], [2, 0], [1, 2], [0, 0], [2, 1], [4, 0], [3, 2], [4, 4], [3, 6], [1, 7], [0, 5], [2, 4], [1, 6]]
('Thread ', 8, ' found result @ ', 43490.757747888565)
[[0, 4], [2, 5], [3, 7], [4, 5], [5, 7], [6, 5], [7, 7], [5, 6], [6, 4], [7, 6], [5, 5], [6, 7], [7, 5], [6, 3], [7, 1], [5, 2], [6, 0], [7, 2], [5, 3], [6, 1], [7, 3], [5, 4], [6, 6], [7, 4], [6, 2], [7, 0], [5, 1], [4, 3], [3, 5], [4, 7], [2, 6], [0, 7], [1, 5], [0, 3], [1, 1], [2, 3], [0, 2], [1, 0], [3, 1], [5, 0], [4, 2], [3, 0], [2, 2], [4, 1], [2, 0], [0, 1], [1, 3], [3, 4], [4, 6], [2, 7], [0, 6], [1, 4], [3, 3], [1, 2], [0, 0], [2, 1], [4, 0], [3, 2], [4, 4], [3, 6], [1, 7], [0, 5], [2, 4], [1, 6]]
('Thread ', 8, ' found result @ ', 43491.190135240555)
[[0, 4], [2, 5], [3, 7], [4, 5], [5, 7], [6, 5], [7, 7], [5, 6], [6, 4], [7, 6], [5, 5], [6, 7], [7, 5], [6, 3], [7, 1], [5, 2], [6, 0], [7, 2], [5, 3], [6, 1], [7, 3], [5, 4], [6, 6], [7, 4], [6, 2], [7, 0], [5, 1], [4, 3], [3, 5], [4, 7], [2, 6], [0, 7], [1, 5], [0, 3], [1, 1], [2, 3], [0, 2], [1, 0], [3, 1], [5, 0], [4, 2], [3, 0], [2, 2], [0, 1], [1, 3], [3, 4], [4, 6], [2, 7], [0, 6], [1, 4], [3, 3], [4, 1], [2, 0], [1, 2], [0, 0], [2, 1], [4, 0], [3, 2], [4, 4], [3, 6], [1, 7], [0, 5], [2, 4], [1, 6]]
('Thread ', 8, ' found result @ ', 43492.000853300095)
[[0, 4], [2, 5], [3, 7], [4, 5], [5, 7], [6, 5], [7, 7], [5, 6], [6, 4], [7, 6], [5, 5], [6, 7], [7, 5], [6, 3], [7, 1], [5, 2], [6, 0], [7, 2], [5, 3], [6, 1], [7, 3], [5, 4], [6, 6], [7, 4], [6, 2], [7, 0], [5, 1], [4, 3], [3, 5], [4, 7], [2, 6], [0, 7], [1, 5], [0, 3], [1, 1], [2, 3], [0, 2], [1, 0], [3, 1], [5, 0], [4, 2], [3, 0], [2, 2], [0, 1], [2, 0], [4, 1], [3, 3], [1, 4], [0, 6], [2, 7], [4, 6], [3, 4], [1, 3], [0, 5], [1, 7], [3, 6], [4, 4], [3, 2], [4, 0], [2, 1], [0, 0], [1, 2], [2, 4], [1, 6]]
('Thread ', 8, ' found result @ ', 43704.97330760956)
[[0, 4], [2, 5], [3, 7], [4, 5], [5, 7], [6, 5], [7, 7], [5, 6], [6, 4], [7, 6], [5, 5], [6, 7], [7, 5], [6, 3], [7, 1], [5, 2], [6, 0], [7, 2], [5, 3], [6, 1], [7, 3], [5, 4], [6, 6], [7, 4], [6, 2], [7, 0], [5, 1], [4, 3], [3, 5], [4, 7], [2, 6], [0, 7], [1, 5], [0, 3], [1, 1], [3, 2], [4, 0], [2, 1], [0, 0], [1, 2], [2, 0], [4, 1], [3, 3], [1, 4], [0, 6], [2, 7], [4, 6], [3, 4], [1, 3], [0, 1], [2, 2], [3, 0], [4, 2], [5, 0], [3, 1], [1, 0], [0, 2], [2, 3], [4, 4], [3, 6], [1, 7], [0, 5], [2, 4], [1, 6]]
('Thread ', 8, ' found result @ ', 43706.48532509804)
[[0, 4], [2, 5], [3, 7], [4, 5], [5, 7], [6, 5], [7, 7], [5, 6], [6, 4], [7, 6], [5, 5], [6, 7], [7, 5], [6, 3], [7, 1], [5, 2], [6, 0], [7, 2], [5, 3], [6, 1], [7, 3], [5, 4], [6, 6], [7, 4], [6, 2], [7, 0], [5, 1], [4, 3], [3, 5], [4, 7], [2, 6], [0, 7], [1, 5], [0, 3], [1, 1], [3, 2], [4, 0], [2, 1], [0, 0], [1, 2], [2, 0], [0, 1], [1, 3], [3, 4], [4, 6], [2, 7], [0, 6], [1, 4], [3, 3], [4, 1], [2, 2], [3, 0], [4, 2], [5, 0], [3, 1], [1, 0], [0, 2], [2, 3], [4, 4], [3, 6], [1, 7], [0, 5], [2, 4], [1, 6]]
('Thread ', 8, ' found result @ ', 43708.12212347984)
[[0, 4], [2, 5], [3, 7], [4, 5], [5, 7], [6, 5], [7, 7], [5, 6], [6, 4], [7, 6], [5, 5], [6, 7], [7, 5], [6, 3], [7, 1], [5, 2], [6, 0], [7, 2], [5, 3], [6, 1], [7, 3], [5, 4], [6, 6], [7, 4], [6, 2], [7, 0], [5, 1], [4, 3], [3, 5], [4, 7], [2, 6], [0, 7], [1, 5], [0, 3], [1, 1], [3, 2], [4, 0], [2, 1], [0, 0], [1, 2], [3, 3], [4, 1], [2, 0], [0, 1], [1, 3], [3, 4], [4, 6], [2, 7], [0, 6], [1, 4], [2, 2], [3, 0], [4, 2], [5, 0], [3, 1], [1, 0], [0, 2], [2, 3], [4, 4], [3, 6], [1, 7], [0, 5], [2, 4], [1, 6]]
('Thread ', 8, ' found result @ ', 43708.1592605114)
[[0, 4], [2, 5], [3, 7], [4, 5], [5, 7], [6, 5], [7, 7], [5, 6], [6, 4], [7, 6], [5, 5], [6, 7], [7, 5], [6, 3], [7, 1], [5, 2], [6, 0], [7, 2], [5, 3], [6, 1], [7, 3], [5, 4], [6, 6], [7, 4], [6, 2], [7, 0], [5, 1], [4, 3], [3, 5], [4, 7], [2, 6], [0, 7], [1, 5], [0, 3], [1, 1], [3, 2], [4, 0], [2, 1], [0, 0], [1, 2], [3, 3], [4, 1], [2, 0], [0, 1], [1, 3], [3, 4], [4, 6], [2, 7], [0, 6], [1, 4], [0, 2], [1, 0], [2, 2], [3, 0], [4, 2], [5, 0], [3, 1], [2, 3], [4, 4], [3, 6], [1, 7], [0, 5], [2, 4], [1, 6]]
('Thread ', 8, ' found result @ ', 43709.4222548008)
[[0, 4], [2, 5], [3, 7], [4, 5], [5, 7], [6, 5], [7, 7], [5, 6], [6, 4], [7, 6], [5, 5], [6, 7], [7, 5], [6, 3], [7, 1], [5, 2], [6, 0], [7, 2], [5, 3], [6, 1], [7, 3], [5, 4], [6, 6], [7, 4], [6, 2], [7, 0], [5, 1], [4, 3], [3, 5], [4, 7], [2, 6], [0, 7], [1, 5], [0, 3], [1, 1], [3, 2], [4, 0], [2, 1], [0, 0], [1, 2], [3, 3], [1, 4], [0, 6], [2, 7], [4, 6], [3, 4], [1, 3], [0, 1], [2, 0], [4, 1], [2, 2], [3, 0], [4, 2], [5, 0], [3, 1], [1, 0], [0, 2], [2, 3], [4, 4], [3, 6], [1, 7], [0, 5], [2, 4], [1, 6]]
('Thread ', 8, ' found result @ ', 43982.814995765686)
[[0, 4], [2, 5], [3, 7], [4, 5], [5, 7], [6, 5], [7, 7], [5, 6], [6, 4], [7, 6], [5, 5], [6, 7], [7, 5], [6, 3], [7, 1], [5, 2], [6, 0], [7, 2], [5, 3], [6, 1], [7, 3], [5, 4], [6, 6], [7, 4], [6, 2], [7, 0], [5, 1], [4, 3], [3, 5], [4, 7], [2, 6], [0, 7], [1, 5], [0, 3], [1, 1], [3, 0], [4, 2], [5, 0], [3, 1], [2, 3], [4, 4], [3, 6], [1, 7], [0, 5], [1, 3], [3, 4], [4, 6], [2, 7], [0, 6], [1, 4], [0, 2], [1, 0], [2, 2], [0, 1], [2, 0], [4, 1], [3, 3], [1, 2], [0, 0], [2, 1], [4, 0], [3, 2], [2, 4], [1, 6]]
('Thread ', 8, ' found result @ ', 43989.85085916519)
[[0, 4], [2, 5], [3, 7], [4, 5], [5, 7], [6, 5], [7, 7], [5, 6], [6, 4], [7, 6], [5, 5], [6, 7], [7, 5], [6, 3], [7, 1], [5, 2], [6, 0], [7, 2], [5, 3], [6, 1], [7, 3], [5, 4], [6, 6], [7, 4], [6, 2], [7, 0], [5, 1], [4, 3], [3, 5], [4, 7], [2, 6], [0, 7], [1, 5], [0, 3], [1, 1], [3, 0], [4, 2], [5, 0], [3, 1], [2, 3], [4, 4], [3, 2], [4, 0], [2, 1], [0, 0], [1, 2], [3, 3], [4, 1], [2, 0], [0, 1], [2, 2], [1, 0], [0, 2], [1, 4], [0, 6], [2, 7], [4, 6], [3, 4], [1, 3], [0, 5], [1, 7], [3, 6], [2, 4], [1, 6]]
('Thread ', 8, ' found result @ ', 44002.34535360336)
[[0, 4], [2, 5], [3, 7], [4, 5], [5, 7], [6, 5], [7, 7], [5, 6], [6, 4], [7, 6], [5, 5], [6, 7], [7, 5], [6, 3], [7, 1], [5, 2], [6, 0], [7, 2], [5, 3], [6, 1], [7, 3], [5, 4], [6, 6], [7, 4], [6, 2], [7, 0], [5, 1], [4, 3], [3, 5], [4, 7], [2, 6], [0, 7], [1, 5], [0, 3], [1, 1], [3, 0], [4, 2], [5, 0], [3, 1], [2, 3], [0, 2], [1, 0], [2, 2], [3, 4], [4, 6], [2, 7], [0, 6], [1, 4], [3, 3], [4, 1], [2, 0], [0, 1], [1, 3], [0, 5], [1, 7], [3, 6], [4, 4], [3, 2], [4, 0], [2, 1], [0, 0], [1, 2], [2, 4], [1, 6]]
('Thread ', 8, ' found result @ ', 44003.76228308678)
[[0, 4], [2, 5], [3, 7], [4, 5], [5, 7], [6, 5], [7, 7], [5, 6], [6, 4], [7, 6], [5, 5], [6, 7], [7, 5], [6, 3], [7, 1], [5, 2], [6, 0], [7, 2], [5, 3], [6, 1], [7, 3], [5, 4], [6, 6], [7, 4], [6, 2], [7, 0], [5, 1], [4, 3], [3, 5], [4, 7], [2, 6], [0, 7], [1, 5], [0, 3], [1, 1], [3, 0], [4, 2], [5, 0], [3, 1], [2, 3], [0, 2], [1, 0], [2, 2], [1, 4], [0, 6], [2, 7], [4, 6], [3, 4], [1, 3], [0, 1], [2, 0], [4, 1], [3, 3], [1, 2], [0, 0], [2, 1], [4, 0], [3, 2], [4, 4], [3, 6], [1, 7], [0, 5], [2, 4], [1, 6]]
('Thread ', 8, ' found result @ ', 44004.94369387627)
[[0, 4], [2, 5], [3, 7], [4, 5], [5, 7], [6, 5], [7, 7], [5, 6], [6, 4], [7, 6], [5, 5], [6, 7], [7, 5], [6, 3], [7, 1], [5, 2], [6, 0], [7, 2], [5, 3], [6, 1], [7, 3], [5, 4], [6, 6], [7, 4], [6, 2], [7, 0], [5, 1], [4, 3], [3, 5], [4, 7], [2, 6], [0, 7], [1, 5], [0, 3], [1, 1], [3, 0], [4, 2], [5, 0], [3, 1], [2, 3], [0, 2], [1, 0], [2, 2], [4, 1], [3, 3], [1, 4], [0, 6], [2, 7], [4, 6], [3, 4], [1, 3], [0, 1], [2, 0], [1, 2], [0, 0], [2, 1], [4, 0], [3, 2], [4, 4], [3, 6], [1, 7], [0, 5], [2, 4], [1, 6]]
('Thread ', 8, ' found result @ ', 44005.84535121918)
[[0, 4], [2, 5], [3, 7], [4, 5], [5, 7], [6, 5], [7, 7], [5, 6], [6, 4], [7, 6], [5, 5], [6, 7], [7, 5], [6, 3], [7, 1], [5, 2], [6, 0], [7, 2], [5, 3], [6, 1], [7, 3], [5, 4], [6, 6], [7, 4], [6, 2], [7, 0], [5, 1], [4, 3], [3, 5], [4, 7], [2, 6], [0, 7], [1, 5], [0, 3], [1, 1], [3, 0], [4, 2], [5, 0], [3, 1], [2, 3], [0, 2], [1, 0], [2, 2], [4, 1], [2, 0], [0, 1], [1, 3], [3, 4], [4, 6], [2, 7], [0, 6], [1, 4], [3, 3], [1, 2], [0, 0], [2, 1], [4, 0], [3, 2], [4, 4], [3, 6], [1, 7], [0, 5], [2, 4], [1, 6]]
('Thread ', 8, ' found result @ ', 44006.27365016937)
[[0, 4], [2, 5], [3, 7], [4, 5], [5, 7], [6, 5], [7, 7], [5, 6], [6, 4], [7, 6], [5, 5], [6, 7], [7, 5], [6, 3], [7, 1], [5, 2], [6, 0], [7, 2], [5, 3], [6, 1], [7, 3], [5, 4], [6, 6], [7, 4], [6, 2], [7, 0], [5, 1], [4, 3], [3, 5], [4, 7], [2, 6], [0, 7], [1, 5], [0, 3], [1, 1], [3, 0], [4, 2], [5, 0], [3, 1], [2, 3], [0, 2], [1, 0], [2, 2], [0, 1], [1, 3], [3, 4], [4, 6], [2, 7], [0, 6], [1, 4], [3, 3], [4, 1], [2, 0], [1, 2], [0, 0], [2, 1], [4, 0], [3, 2], [4, 4], [3, 6], [1, 7], [0, 5], [2, 4], [1, 6]]
('Thread ', 8, ' found result @ ', 44007.07042098045)
[[0, 4], [2, 5], [3, 7], [4, 5], [5, 7], [6, 5], [7, 7], [5, 6], [6, 4], [7, 6], [5, 5], [6, 7], [7, 5], [6, 3], [7, 1], [5, 2], [6, 0], [7, 2], [5, 3], [6, 1], [7, 3], [5, 4], [6, 6], [7, 4], [6, 2], [7, 0], [5, 1], [4, 3], [3, 5], [4, 7], [2, 6], [0, 7], [1, 5], [0, 3], [1, 1], [3, 0], [4, 2], [5, 0], [3, 1], [2, 3], [0, 2], [1, 0], [2, 2], [0, 1], [2, 0], [4, 1], [3, 3], [1, 4], [0, 6], [2, 7], [4, 6], [3, 4], [1, 3], [0, 5], [1, 7], [3, 6], [4, 4], [3, 2], [4, 0], [2, 1], [0, 0], [1, 2], [2, 4], [1, 6]]
('Thread ', 8, ' found result @ ', 44030.32138752937)
[[0, 4], [2, 5], [3, 7], [4, 5], [5, 7], [6, 5], [7, 7], [5, 6], [6, 4], [7, 6], [5, 5], [6, 7], [7, 5], [6, 3], [7, 1], [5, 2], [6, 0], [7, 2], [5, 3], [6, 1], [7, 3], [5, 4], [6, 6], [7, 4], [6, 2], [7, 0], [5, 1], [4, 3], [3, 5], [4, 7], [2, 6], [0, 7], [1, 5], [0, 3], [1, 1], [3, 0], [4, 2], [5, 0], [3, 1], [1, 2], [0, 0], [2, 1], [4, 0], [3, 2], [4, 4], [2, 3], [0, 2], [1, 0], [2, 2], [3, 4], [4, 6], [2, 7], [0, 6], [1, 4], [3, 3], [4, 1], [2, 0], [0, 1], [1, 3], [0, 5], [1, 7], [3, 6], [2, 4], [1, 6]]
('Thread ', 8, ' found result @ ', 44030.379508018494)
[[0, 4], [2, 5], [3, 7], [4, 5], [5, 7], [6, 5], [7, 7], [5, 6], [6, 4], [7, 6], [5, 5], [6, 7], [7, 5], [6, 3], [7, 1], [5, 2], [6, 0], [7, 2], [5, 3], [6, 1], [7, 3], [5, 4], [6, 6], [7, 4], [6, 2], [7, 0], [5, 1], [4, 3], [3, 5], [4, 7], [2, 6], [0, 7], [1, 5], [0, 3], [1, 1], [3, 0], [4, 2], [5, 0], [3, 1], [1, 2], [0, 0], [2, 1], [4, 0], [3, 2], [4, 4], [2, 3], [0, 2], [1, 0], [2, 2], [0, 1], [2, 0], [4, 1], [3, 3], [1, 4], [0, 6], [2, 7], [4, 6], [3, 4], [1, 3], [0, 5], [1, 7], [3, 6], [2, 4], [1, 6]]
('Thread ', 8, ' found result @ ', 44030.82243657112)
[[0, 4], [2, 5], [3, 7], [4, 5], [5, 7], [6, 5], [7, 7], [5, 6], [6, 4], [7, 6], [5, 5], [6, 7], [7, 5], [6, 3], [7, 1], [5, 2], [6, 0], [7, 2], [5, 3], [6, 1], [7, 3], [5, 4], [6, 6], [7, 4], [6, 2], [7, 0], [5, 1], [4, 3], [3, 5], [4, 7], [2, 6], [0, 7], [1, 5], [0, 3], [1, 1], [3, 0], [4, 2], [5, 0], [3, 1], [1, 2], [0, 0], [2, 1], [4, 0], [3, 2], [2, 0], [4, 1], [3, 3], [1, 4], [0, 6], [2, 7], [4, 6], [3, 4], [1, 3], [0, 1], [2, 2], [1, 0], [0, 2], [2, 3], [4, 4], [3, 6], [1, 7], [0, 5], [2, 4], [1, 6]]
('Thread ', 8, ' found result @ ', 44031.02579975128)
[[0, 4], [2, 5], [3, 7], [4, 5], [5, 7], [6, 5], [7, 7], [5, 6], [6, 4], [7, 6], [5, 5], [6, 7], [7, 5], [6, 3], [7, 1], [5, 2], [6, 0], [7, 2], [5, 3], [6, 1], [7, 3], [5, 4], [6, 6], [7, 4], [6, 2], [7, 0], [5, 1], [4, 3], [3, 5], [4, 7], [2, 6], [0, 7], [1, 5], [0, 3], [1, 1], [3, 0], [4, 2], [5, 0], [3, 1], [1, 2], [0, 0], [2, 1], [4, 0], [3, 2], [2, 0], [0, 1], [1, 3], [3, 4], [4, 6], [2, 7], [0, 6], [1, 4], [3, 3], [4, 1], [2, 2], [1, 0], [0, 2], [2, 3], [4, 4], [3, 6], [1, 7], [0, 5], [2, 4], [1, 6]]
('Thread ', 8, ' found result @ ', 44031.266872406006)
[[0, 4], [2, 5], [3, 7], [4, 5], [5, 7], [6, 5], [7, 7], [5, 6], [6, 4], [7, 6], [5, 5], [6, 7], [7, 5], [6, 3], [7, 1], [5, 2], [6, 0], [7, 2], [5, 3], [6, 1], [7, 3], [5, 4], [6, 6], [7, 4], [6, 2], [7, 0], [5, 1], [4, 3], [3, 5], [4, 7], [2, 6], [0, 7], [1, 5], [0, 3], [1, 1], [3, 0], [4, 2], [5, 0], [3, 1], [1, 2], [0, 0], [2, 1], [4, 0], [3, 2], [1, 3], [0, 1], [2, 0], [4, 1], [3, 3], [1, 4], [0, 6], [2, 7], [4, 6], [3, 4], [2, 2], [1, 0], [0, 2], [2, 3], [4, 4], [3, 6], [1, 7], [0, 5], [2, 4], [1, 6]]
('Thread ', 8, ' found result @ ', 44031.34856748581)
[[0, 4], [2, 5], [3, 7], [4, 5], [5, 7], [6, 5], [7, 7], [5, 6], [6, 4], [7, 6], [5, 5], [6, 7], [7, 5], [6, 3], [7, 1], [5, 2], [6, 0], [7, 2], [5, 3], [6, 1], [7, 3], [5, 4], [6, 6], [7, 4], [6, 2], [7, 0], [5, 1], [4, 3], [3, 5], [4, 7], [2, 6], [0, 7], [1, 5], [0, 3], [1, 1], [3, 0], [4, 2], [5, 0], [3, 1], [1, 2], [0, 0], [2, 1], [4, 0], [3, 2], [1, 3], [3, 4], [4, 6], [2, 7], [0, 6], [1, 4], [3, 3], [4, 1], [2, 0], [0, 1], [2, 2], [1, 0], [0, 2], [2, 3], [4, 4], [3, 6], [1, 7], [0, 5], [2, 4], [1, 6]]
('Thread ', 8, ' found result @ ', 44039.881145477295)
[[0, 4], [2, 5], [3, 7], [4, 5], [5, 7], [6, 5], [7, 7], [5, 6], [6, 4], [7, 6], [5, 5], [6, 7], [7, 5], [6, 3], [7, 1], [5, 2], [6, 0], [7, 2], [5, 3], [6, 1], [7, 3], [5, 4], [6, 6], [7, 4], [6, 2], [7, 0], [5, 1], [4, 3], [3, 5], [4, 7], [2, 6], [0, 7], [1, 5], [0, 3], [1, 1], [3, 0], [4, 2], [5, 0], [3, 1], [1, 0], [2, 2], [3, 4], [4, 6], [2, 7], [0, 6], [1, 4], [0, 2], [2, 3], [4, 4], [3, 6], [1, 7], [0, 5], [1, 3], [0, 1], [2, 0], [4, 1], [3, 3], [1, 2], [0, 0], [2, 1], [4, 0], [3, 2], [2, 4], [1, 6]]
('Thread ', 8, ' found result @ ', 44040.09750914574)
[[0, 4], [2, 5], [3, 7], [4, 5], [5, 7], [6, 5], [7, 7], [5, 6], [6, 4], [7, 6], [5, 5], [6, 7], [7, 5], [6, 3], [7, 1], [5, 2], [6, 0], [7, 2], [5, 3], [6, 1], [7, 3], [5, 4], [6, 6], [7, 4], [6, 2], [7, 0], [5, 1], [4, 3], [3, 5], [4, 7], [2, 6], [0, 7], [1, 5], [0, 3], [1, 1], [3, 0], [4, 2], [5, 0], [3, 1], [1, 0], [2, 2], [3, 4], [4, 6], [2, 7], [0, 6], [1, 4], [0, 2], [2, 3], [4, 4], [3, 2], [4, 0], [2, 1], [0, 0], [1, 2], [3, 3], [4, 1], [2, 0], [0, 1], [1, 3], [0, 5], [1, 7], [3, 6], [2, 4], [1, 6]]
('Thread ', 8, ' found result @ ', 44049.697471380234)
[[0, 4], [2, 5], [3, 7], [4, 5], [5, 7], [6, 5], [7, 7], [5, 6], [6, 4], [7, 6], [5, 5], [6, 7], [7, 5], [6, 3], [7, 1], [5, 2], [6, 0], [7, 2], [5, 3], [6, 1], [7, 3], [5, 4], [6, 6], [7, 4], [6, 2], [7, 0], [5, 1], [4, 3], [3, 5], [4, 7], [2, 6], [0, 7], [1, 5], [0, 3], [1, 1], [3, 0], [4, 2], [5, 0], [3, 1], [1, 0], [2, 2], [4, 1], [3, 3], [1, 2], [0, 0], [2, 1], [4, 0], [3, 2], [2, 0], [0, 1], [1, 3], [3, 4], [4, 6], [2, 7], [0, 6], [1, 4], [0, 2], [2, 3], [4, 4], [3, 6], [1, 7], [0, 5], [2, 4], [1, 6]]
('Thread ', 8, ' found result @ ', 44056.79605484009)
[[0, 4], [2, 5], [3, 7], [4, 5], [5, 7], [6, 5], [7, 7], [5, 6], [6, 4], [7, 6], [5, 5], [6, 7], [7, 5], [6, 3], [7, 1], [5, 2], [6, 0], [7, 2], [5, 3], [6, 1], [7, 3], [5, 4], [6, 6], [7, 4], [6, 2], [7, 0], [5, 1], [4, 3], [3, 5], [4, 7], [2, 6], [0, 7], [1, 5], [0, 3], [1, 1], [3, 0], [4, 2], [5, 0], [3, 1], [1, 0], [2, 2], [0, 1], [2, 0], [4, 1], [3, 3], [1, 2], [0, 0], [2, 1], [4, 0], [3, 2], [4, 4], [2, 3], [0, 2], [1, 4], [0, 6], [2, 7], [4, 6], [3, 4], [1, 3], [0, 5], [1, 7], [3, 6], [2, 4], [1, 6]]
('Thread ', 8, ' found result @ ', 44056.84690737724)
[[0, 4], [2, 5], [3, 7], [4, 5], [5, 7], [6, 5], [7, 7], [5, 6], [6, 4], [7, 6], [5, 5], [6, 7], [7, 5], [6, 3], [7, 1], [5, 2], [6, 0], [7, 2], [5, 3], [6, 1], [7, 3], [5, 4], [6, 6], [7, 4], [6, 2], [7, 0], [5, 1], [4, 3], [3, 5], [4, 7], [2, 6], [0, 7], [1, 5], [0, 3], [1, 1], [3, 0], [4, 2], [5, 0], [3, 1], [1, 0], [2, 2], [0, 1], [2, 0], [4, 1], [3, 3], [1, 2], [0, 0], [2, 1], [4, 0], [3, 2], [1, 3], [3, 4], [4, 6], [2, 7], [0, 6], [1, 4], [0, 2], [2, 3], [4, 4], [3, 6], [1, 7], [0, 5], [2, 4], [1, 6]]
('Thread ', 8, ' found result @ ', 44066.33352684975)
[[0, 4], [2, 5], [3, 7], [4, 5], [5, 7], [6, 5], [7, 7], [5, 6], [6, 4], [7, 6], [5, 5], [6, 7], [7, 5], [6, 3], [7, 1], [5, 2], [6, 0], [7, 2], [5, 3], [6, 1], [7, 3], [5, 4], [6, 6], [7, 4], [6, 2], [7, 0], [5, 1], [4, 3], [3, 5], [4, 7], [2, 6], [0, 7], [1, 5], [0, 3], [1, 1], [3, 0], [4, 2], [5, 0], [3, 1], [1, 0], [0, 2], [2, 3], [4, 4], [3, 6], [1, 7], [0, 5], [1, 3], [0, 1], [2, 2], [3, 4], [4, 6], [2, 7], [0, 6], [1, 4], [3, 3], [4, 1], [2, 0], [3, 2], [4, 0], [2, 1], [0, 0], [1, 2], [2, 4], [1, 6]]
('Thread ', 8, ' found result @ ', 44066.337814092636)
[[0, 4], [2, 5], [3, 7], [4, 5], [5, 7], [6, 5], [7, 7], [5, 6], [6, 4], [7, 6], [5, 5], [6, 7], [7, 5], [6, 3], [7, 1], [5, 2], [6, 0], [7, 2], [5, 3], [6, 1], [7, 3], [5, 4], [6, 6], [7, 4], [6, 2], [7, 0], [5, 1], [4, 3], [3, 5], [4, 7], [2, 6], [0, 7], [1, 5], [0, 3], [1, 1], [3, 0], [4, 2], [5, 0], [3, 1], [1, 0], [0, 2], [2, 3], [4, 4], [3, 6], [1, 7], [0, 5], [1, 3], [0, 1], [2, 2], [3, 4], [4, 6], [2, 7], [0, 6], [1, 4], [3, 3], [4, 1], [2, 0], [1, 2], [0, 0], [2, 1], [4, 0], [3, 2], [2, 4], [1, 6]]
('Thread ', 8, ' found result @ ', 44066.58569741249)
[[0, 4], [2, 5], [3, 7], [4, 5], [5, 7], [6, 5], [7, 7], [5, 6], [6, 4], [7, 6], [5, 5], [6, 7], [7, 5], [6, 3], [7, 1], [5, 2], [6, 0], [7, 2], [5, 3], [6, 1], [7, 3], [5, 4], [6, 6], [7, 4], [6, 2], [7, 0], [5, 1], [4, 3], [3, 5], [4, 7], [2, 6], [0, 7], [1, 5], [0, 3], [1, 1], [3, 0], [4, 2], [5, 0], [3, 1], [1, 0], [0, 2], [2, 3], [4, 4], [3, 6], [1, 7], [0, 5], [1, 3], [0, 1], [2, 0], [4, 1], [2, 2], [3, 4], [4, 6], [2, 7], [0, 6], [1, 4], [3, 3], [1, 2], [0, 0], [2, 1], [4, 0], [3, 2], [2, 4], [1, 6]]
('Thread ', 8, ' found result @ ', 44066.69245147705)
[[0, 4], [2, 5], [3, 7], [4, 5], [5, 7], [6, 5], [7, 7], [5, 6], [6, 4], [7, 6], [5, 5], [6, 7], [7, 5], [6, 3], [7, 1], [5, 2], [6, 0], [7, 2], [5, 3], [6, 1], [7, 3], [5, 4], [6, 6], [7, 4], [6, 2], [7, 0], [5, 1], [4, 3], [3, 5], [4, 7], [2, 6], [0, 7], [1, 5], [0, 3], [1, 1], [3, 0], [4, 2], [5, 0], [3, 1], [1, 0], [0, 2], [2, 3], [4, 4], [3, 6], [1, 7], [0, 5], [1, 3], [3, 4], [4, 6], [2, 7], [0, 6], [1, 4], [2, 2], [0, 1], [2, 0], [4, 1], [3, 3], [1, 2], [0, 0], [2, 1], [4, 0], [3, 2], [2, 4], [1, 6]]
('Thread ', 8, ' found result @ ', 44066.69735765457)
[[0, 4], [2, 5], [3, 7], [4, 5], [5, 7], [6, 5], [7, 7], [5, 6], [6, 4], [7, 6], [5, 5], [6, 7], [7, 5], [6, 3], [7, 1], [5, 2], [6, 0], [7, 2], [5, 3], [6, 1], [7, 3], [5, 4], [6, 6], [7, 4], [6, 2], [7, 0], [5, 1], [4, 3], [3, 5], [4, 7], [2, 6], [0, 7], [1, 5], [0, 3], [1, 1], [3, 0], [4, 2], [5, 0], [3, 1], [1, 0], [0, 2], [2, 3], [4, 4], [3, 6], [1, 7], [0, 5], [1, 3], [3, 4], [4, 6], [2, 7], [0, 6], [1, 4], [3, 3], [4, 1], [2, 2], [0, 1], [2, 0], [3, 2], [4, 0], [2, 1], [0, 0], [1, 2], [2, 4], [1, 6]]
('Thread ', 8, ' found result @ ', 44066.70608448982)
[[0, 4], [2, 5], [3, 7], [4, 5], [5, 7], [6, 5], [7, 7], [5, 6], [6, 4], [7, 6], [5, 5], [6, 7], [7, 5], [6, 3], [7, 1], [5, 2], [6, 0], [7, 2], [5, 3], [6, 1], [7, 3], [5, 4], [6, 6], [7, 4], [6, 2], [7, 0], [5, 1], [4, 3], [3, 5], [4, 7], [2, 6], [0, 7], [1, 5], [0, 3], [1, 1], [3, 0], [4, 2], [5, 0], [3, 1], [1, 0], [0, 2], [2, 3], [4, 4], [3, 6], [1, 7], [0, 5], [1, 3], [3, 4], [4, 6], [2, 7], [0, 6], [1, 4], [3, 3], [4, 1], [2, 2], [0, 1], [2, 0], [1, 2], [0, 0], [2, 1], [4, 0], [3, 2], [2, 4], [1, 6]]
('Thread ', 8, ' found result @ ', 44069.38810825348)
[[0, 4], [2, 5], [3, 7], [4, 5], [5, 7], [6, 5], [7, 7], [5, 6], [6, 4], [7, 6], [5, 5], [6, 7], [7, 5], [6, 3], [7, 1], [5, 2], [6, 0], [7, 2], [5, 3], [6, 1], [7, 3], [5, 4], [6, 6], [7, 4], [6, 2], [7, 0], [5, 1], [4, 3], [3, 5], [4, 7], [2, 6], [0, 7], [1, 5], [0, 3], [1, 1], [3, 0], [4, 2], [5, 0], [3, 1], [1, 0], [0, 2], [2, 3], [4, 4], [3, 2], [4, 0], [2, 1], [0, 0], [1, 2], [2, 0], [4, 1], [3, 3], [1, 4], [0, 6], [2, 7], [4, 6], [3, 4], [2, 2], [0, 1], [1, 3], [0, 5], [1, 7], [3, 6], [2, 4], [1, 6]]
('Thread ', 8, ' found result @ ', 44069.43518638611)
[[0, 4], [2, 5], [3, 7], [4, 5], [5, 7], [6, 5], [7, 7], [5, 6], [6, 4], [7, 6], [5, 5], [6, 7], [7, 5], [6, 3], [7, 1], [5, 2], [6, 0], [7, 2], [5, 3], [6, 1], [7, 3], [5, 4], [6, 6], [7, 4], [6, 2], [7, 0], [5, 1], [4, 3], [3, 5], [4, 7], [2, 6], [0, 7], [1, 5], [0, 3], [1, 1], [3, 0], [4, 2], [5, 0], [3, 1], [1, 0], [0, 2], [2, 3], [4, 4], [3, 2], [4, 0], [2, 1], [0, 0], [1, 2], [2, 0], [0, 1], [2, 2], [4, 1], [3, 3], [1, 4], [0, 6], [2, 7], [4, 6], [3, 4], [1, 3], [0, 5], [1, 7], [3, 6], [2, 4], [1, 6]]
('Thread ', 8, ' found result @ ', 44069.50419640541)
[[0, 4], [2, 5], [3, 7], [4, 5], [5, 7], [6, 5], [7, 7], [5, 6], [6, 4], [7, 6], [5, 5], [6, 7], [7, 5], [6, 3], [7, 1], [5, 2], [6, 0], [7, 2], [5, 3], [6, 1], [7, 3], [5, 4], [6, 6], [7, 4], [6, 2], [7, 0], [5, 1], [4, 3], [3, 5], [4, 7], [2, 6], [0, 7], [1, 5], [0, 3], [1, 1], [3, 0], [4, 2], [5, 0], [3, 1], [1, 0], [0, 2], [2, 3], [4, 4], [3, 2], [4, 0], [2, 1], [0, 0], [1, 2], [3, 3], [4, 1], [2, 0], [0, 1], [2, 2], [1, 4], [0, 6], [2, 7], [4, 6], [3, 4], [1, 3], [0, 5], [1, 7], [3, 6], [2, 4], [1, 6]]
('Thread ', 8, ' found result @ ', 44069.525428295135)
[[0, 4], [2, 5], [3, 7], [4, 5], [5, 7], [6, 5], [7, 7], [5, 6], [6, 4], [7, 6], [5, 5], [6, 7], [7, 5], [6, 3], [7, 1], [5, 2], [6, 0], [7, 2], [5, 3], [6, 1], [7, 3], [5, 4], [6, 6], [7, 4], [6, 2], [7, 0], [5, 1], [4, 3], [3, 5], [4, 7], [2, 6], [0, 7], [1, 5], [0, 3], [1, 1], [3, 0], [4, 2], [5, 0], [3, 1], [1, 0], [0, 2], [2, 3], [4, 4], [3, 2], [4, 0], [2, 1], [0, 0], [1, 2], [3, 3], [1, 4], [0, 6], [2, 7], [4, 6], [3, 4], [2, 2], [4, 1], [2, 0], [0, 1], [1, 3], [0, 5], [1, 7], [3, 6], [2, 4], [1, 6]]
('Thread ', 8, ' found result @ ', 44355.12555336952)
[[0, 4], [2, 5], [3, 7], [4, 5], [5, 7], [6, 5], [7, 7], [5, 6], [6, 4], [7, 6], [5, 5], [6, 7], [7, 5], [6, 3], [7, 1], [5, 2], [6, 0], [7, 2], [5, 3], [6, 1], [7, 3], [5, 4], [6, 6], [7, 4], [6, 2], [7, 0], [5, 1], [4, 3], [3, 5], [4, 7], [2, 6], [0, 7], [1, 5], [0, 3], [1, 1], [3, 0], [2, 2], [3, 4], [4, 6], [2, 7], [0, 6], [1, 4], [0, 2], [1, 0], [3, 1], [5, 0], [4, 2], [2, 3], [4, 4], [3, 6], [1, 7], [0, 5], [1, 3], [0, 1], [2, 0], [4, 1], [3, 3], [1, 2], [0, 0], [2, 1], [4, 0], [3, 2], [2, 4], [1, 6]]
('Thread ', 8, ' found result @ ', 44355.33467793465)
[[0, 4], [2, 5], [3, 7], [4, 5], [5, 7], [6, 5], [7, 7], [5, 6], [6, 4], [7, 6], [5, 5], [6, 7], [7, 5], [6, 3], [7, 1], [5, 2], [6, 0], [7, 2], [5, 3], [6, 1], [7, 3], [5, 4], [6, 6], [7, 4], [6, 2], [7, 0], [5, 1], [4, 3], [3, 5], [4, 7], [2, 6], [0, 7], [1, 5], [0, 3], [1, 1], [3, 0], [2, 2], [3, 4], [4, 6], [2, 7], [0, 6], [1, 4], [0, 2], [1, 0], [3, 1], [5, 0], [4, 2], [2, 3], [4, 4], [3, 2], [4, 0], [2, 1], [0, 0], [1, 2], [3, 3], [4, 1], [2, 0], [0, 1], [1, 3], [0, 5], [1, 7], [3, 6], [2, 4], [1, 6]]
('Thread ', 8, ' found result @ ', 44404.767151117325)
[[0, 4], [2, 5], [3, 7], [4, 5], [5, 7], [6, 5], [7, 7], [5, 6], [6, 4], [7, 6], [5, 5], [6, 7], [7, 5], [6, 3], [7, 1], [5, 2], [6, 0], [7, 2], [5, 3], [6, 1], [7, 3], [5, 4], [6, 6], [7, 4], [6, 2], [7, 0], [5, 1], [4, 3], [3, 5], [4, 7], [2, 6], [0, 7], [1, 5], [0, 3], [1, 1], [3, 0], [2, 2], [1, 4], [0, 6], [2, 7], [4, 6], [3, 4], [4, 2], [5, 0], [3, 1], [1, 0], [0, 2], [2, 3], [4, 4], [3, 6], [1, 7], [0, 5], [1, 3], [0, 1], [2, 0], [4, 1], [3, 3], [1, 2], [0, 0], [2, 1], [4, 0], [3, 2], [2, 4], [1, 6]]
('Thread ', 8, ' found result @ ', 44404.99610567093)
[[0, 4], [2, 5], [3, 7], [4, 5], [5, 7], [6, 5], [7, 7], [5, 6], [6, 4], [7, 6], [5, 5], [6, 7], [7, 5], [6, 3], [7, 1], [5, 2], [6, 0], [7, 2], [5, 3], [6, 1], [7, 3], [5, 4], [6, 6], [7, 4], [6, 2], [7, 0], [5, 1], [4, 3], [3, 5], [4, 7], [2, 6], [0, 7], [1, 5], [0, 3], [1, 1], [3, 0], [2, 2], [1, 4], [0, 6], [2, 7], [4, 6], [3, 4], [4, 2], [5, 0], [3, 1], [1, 0], [0, 2], [2, 3], [4, 4], [3, 2], [4, 0], [2, 1], [0, 0], [1, 2], [3, 3], [4, 1], [2, 0], [0, 1], [1, 3], [0, 5], [1, 7], [3, 6], [2, 4], [1, 6]]
('Thread ', 8, ' found result @ ', 44450.61764359474)
[[0, 4], [2, 5], [3, 7], [4, 5], [5, 7], [6, 5], [7, 7], [5, 6], [6, 4], [7, 6], [5, 5], [6, 7], [7, 5], [6, 3], [7, 1], [5, 2], [6, 0], [7, 2], [5, 3], [6, 1], [7, 3], [5, 4], [6, 6], [7, 4], [6, 2], [7, 0], [5, 1], [4, 3], [3, 5], [4, 7], [2, 6], [0, 7], [1, 5], [0, 3], [1, 1], [3, 0], [2, 2], [1, 0], [0, 2], [1, 4], [0, 6], [2, 7], [4, 6], [3, 4], [4, 2], [5, 0], [3, 1], [2, 3], [4, 4], [3, 6], [1, 7], [0, 5], [1, 3], [0, 1], [2, 0], [4, 1], [3, 3], [1, 2], [0, 0], [2, 1], [4, 0], [3, 2], [2, 4], [1, 6]]
('Thread ', 8, ' found result @ ', 44450.86455273628)
[[0, 4], [2, 5], [3, 7], [4, 5], [5, 7], [6, 5], [7, 7], [5, 6], [6, 4], [7, 6], [5, 5], [6, 7], [7, 5], [6, 3], [7, 1], [5, 2], [6, 0], [7, 2], [5, 3], [6, 1], [7, 3], [5, 4], [6, 6], [7, 4], [6, 2], [7, 0], [5, 1], [4, 3], [3, 5], [4, 7], [2, 6], [0, 7], [1, 5], [0, 3], [1, 1], [3, 0], [2, 2], [1, 0], [0, 2], [1, 4], [0, 6], [2, 7], [4, 6], [3, 4], [4, 2], [5, 0], [3, 1], [2, 3], [4, 4], [3, 2], [4, 0], [2, 1], [0, 0], [1, 2], [3, 3], [4, 1], [2, 0], [0, 1], [1, 3], [0, 5], [1, 7], [3, 6], [2, 4], [1, 6]]
('Thread ', 8, ' found result @ ', 44463.12397694588)
[[0, 4], [2, 5], [3, 7], [4, 5], [5, 7], [6, 5], [7, 7], [5, 6], [6, 4], [7, 6], [5, 5], [6, 7], [7, 5], [6, 3], [7, 1], [5, 2], [6, 0], [7, 2], [5, 3], [6, 1], [7, 3], [5, 4], [6, 6], [7, 4], [6, 2], [7, 0], [5, 1], [4, 3], [3, 5], [4, 7], [2, 6], [0, 7], [1, 5], [0, 3], [1, 1], [3, 0], [2, 2], [1, 0], [0, 2], [2, 3], [3, 1], [5, 0], [4, 2], [3, 4], [4, 6], [2, 7], [0, 6], [1, 4], [3, 3], [4, 1], [2, 0], [0, 1], [1, 3], [0, 5], [1, 7], [3, 6], [4, 4], [3, 2], [4, 0], [2, 1], [0, 0], [1, 2], [2, 4], [1, 6]]
('Thread ', 8, ' found result @ ', 44468.166268348694)
[[0, 4], [2, 5], [3, 7], [4, 5], [5, 7], [6, 5], [7, 7], [5, 6], [6, 4], [7, 6], [5, 5], [6, 7], [7, 5], [6, 3], [7, 1], [5, 2], [6, 0], [7, 2], [5, 3], [6, 1], [7, 3], [5, 4], [6, 6], [7, 4], [6, 2], [7, 0], [5, 1], [4, 3], [3, 5], [4, 7], [2, 6], [0, 7], [1, 5], [0, 3], [1, 1], [3, 0], [2, 2], [1, 0], [0, 2], [2, 3], [4, 4], [3, 6], [1, 7], [0, 5], [1, 3], [0, 1], [2, 0], [4, 1], [3, 3], [1, 4], [0, 6], [2, 7], [4, 6], [3, 4], [4, 2], [5, 0], [3, 1], [1, 2], [0, 0], [2, 1], [4, 0], [3, 2], [2, 4], [1, 6]]
('Thread ', 8, ' found result @ ', 44469.72955870628)
[[0, 4], [2, 5], [3, 7], [4, 5], [5, 7], [6, 5], [7, 7], [5, 6], [6, 4], [7, 6], [5, 5], [6, 7], [7, 5], [6, 3], [7, 1], [5, 2], [6, 0], [7, 2], [5, 3], [6, 1], [7, 3], [5, 4], [6, 6], [7, 4], [6, 2], [7, 0], [5, 1], [4, 3], [3, 5], [4, 7], [2, 6], [0, 7], [1, 5], [0, 3], [1, 1], [3, 0], [2, 2], [1, 0], [0, 2], [2, 3], [4, 4], [3, 2], [4, 0], [2, 1], [0, 0], [1, 2], [3, 1], [5, 0], [4, 2], [3, 4], [4, 6], [2, 7], [0, 6], [1, 4], [3, 3], [4, 1], [2, 0], [0, 1], [1, 3], [0, 5], [1, 7], [3, 6], [2, 4], [1, 6]]
('Thread ', 8, ' found result @ ', 44493.17229795456)
[[0, 4], [2, 5], [3, 7], [4, 5], [5, 7], [6, 5], [7, 7], [5, 6], [6, 4], [7, 6], [5, 5], [6, 7], [7, 5], [6, 3], [7, 1], [5, 2], [6, 0], [7, 2], [5, 3], [6, 1], [7, 3], [5, 4], [6, 6], [7, 4], [6, 2], [7, 0], [5, 1], [4, 3], [3, 5], [4, 7], [2, 6], [0, 7], [1, 5], [0, 3], [1, 1], [3, 0], [2, 2], [1, 0], [3, 1], [5, 0], [4, 2], [3, 4], [4, 6], [2, 7], [0, 6], [1, 4], [0, 2], [2, 3], [4, 4], [3, 6], [1, 7], [0, 5], [1, 3], [0, 1], [2, 0], [4, 1], [3, 3], [1, 2], [0, 0], [2, 1], [4, 0], [3, 2], [2, 4], [1, 6]]
('Thread ', 8, ' found result @ ', 44493.38362932205)
[[0, 4], [2, 5], [3, 7], [4, 5], [5, 7], [6, 5], [7, 7], [5, 6], [6, 4], [7, 6], [5, 5], [6, 7], [7, 5], [6, 3], [7, 1], [5, 2], [6, 0], [7, 2], [5, 3], [6, 1], [7, 3], [5, 4], [6, 6], [7, 4], [6, 2], [7, 0], [5, 1], [4, 3], [3, 5], [4, 7], [2, 6], [0, 7], [1, 5], [0, 3], [1, 1], [3, 0], [2, 2], [1, 0], [3, 1], [5, 0], [4, 2], [3, 4], [4, 6], [2, 7], [0, 6], [1, 4], [0, 2], [2, 3], [4, 4], [3, 2], [4, 0], [2, 1], [0, 0], [1, 2], [3, 3], [4, 1], [2, 0], [0, 1], [1, 3], [0, 5], [1, 7], [3, 6], [2, 4], [1, 6]]
('Thread ', 8, ' found result @ ', 44499.91505908966)
[[0, 4], [2, 5], [3, 7], [4, 5], [5, 7], [6, 5], [7, 7], [5, 6], [6, 4], [7, 6], [5, 5], [6, 7], [7, 5], [6, 3], [7, 1], [5, 2], [6, 0], [7, 2], [5, 3], [6, 1], [7, 3], [5, 4], [6, 6], [7, 4], [6, 2], [7, 0], [5, 1], [4, 3], [3, 5], [4, 7], [2, 6], [0, 7], [1, 5], [0, 3], [1, 1], [3, 0], [2, 2], [1, 0], [3, 1], [5, 0], [4, 2], [2, 3], [0, 2], [1, 4], [0, 6], [2, 7], [4, 6], [3, 4], [1, 3], [0, 1], [2, 0], [4, 1], [3, 3], [1, 2], [0, 0], [2, 1], [4, 0], [3, 2], [4, 4], [3, 6], [1, 7], [0, 5], [2, 4], [1, 6]]
('Thread ', 8, ' found result @ ', 44523.647429943085)
[[0, 4], [2, 5], [3, 7], [4, 5], [5, 7], [6, 5], [7, 7], [5, 6], [6, 4], [7, 6], [5, 5], [6, 7], [7, 5], [6, 3], [7, 1], [5, 2], [6, 0], [7, 2], [5, 3], [6, 1], [7, 3], [5, 4], [6, 6], [7, 4], [6, 2], [7, 0], [5, 1], [4, 3], [3, 5], [4, 7], [2, 6], [0, 7], [1, 5], [0, 3], [1, 1], [3, 0], [2, 2], [4, 1], [3, 3], [1, 4], [0, 6], [2, 7], [4, 6], [3, 4], [4, 2], [5, 0], [3, 1], [1, 0], [0, 2], [2, 3], [4, 4], [3, 6], [1, 7], [0, 5], [1, 3], [0, 1], [2, 0], [3, 2], [4, 0], [2, 1], [0, 0], [1, 2], [2, 4], [1, 6]]
('Thread ', 8, ' found result @ ', 44523.66603374481)
[[0, 4], [2, 5], [3, 7], [4, 5], [5, 7], [6, 5], [7, 7], [5, 6], [6, 4], [7, 6], [5, 5], [6, 7], [7, 5], [6, 3], [7, 1], [5, 2], [6, 0], [7, 2], [5, 3], [6, 1], [7, 3], [5, 4], [6, 6], [7, 4], [6, 2], [7, 0], [5, 1], [4, 3], [3, 5], [4, 7], [2, 6], [0, 7], [1, 5], [0, 3], [1, 1], [3, 0], [2, 2], [4, 1], [3, 3], [1, 4], [0, 6], [2, 7], [4, 6], [3, 4], [4, 2], [5, 0], [3, 1], [1, 0], [0, 2], [2, 3], [4, 4], [3, 6], [1, 7], [0, 5], [1, 3], [0, 1], [2, 0], [1, 2], [0, 0], [2, 1], [4, 0], [3, 2], [2, 4], [1, 6]]
('Thread ', 8, ' found result @ ', 44523.73736286163)
[[0, 4], [2, 5], [3, 7], [4, 5], [5, 7], [6, 5], [7, 7], [5, 6], [6, 4], [7, 6], [5, 5], [6, 7], [7, 5], [6, 3], [7, 1], [5, 2], [6, 0], [7, 2], [5, 3], [6, 1], [7, 3], [5, 4], [6, 6], [7, 4], [6, 2], [7, 0], [5, 1], [4, 3], [3, 5], [4, 7], [2, 6], [0, 7], [1, 5], [0, 3], [1, 1], [3, 0], [2, 2], [4, 1], [3, 3], [1, 4], [0, 6], [2, 7], [4, 6], [3, 4], [4, 2], [5, 0], [3, 1], [1, 0], [0, 2], [2, 3], [4, 4], [3, 2], [4, 0], [2, 1], [0, 0], [1, 2], [2, 0], [0, 1], [1, 3], [0, 5], [1, 7], [3, 6], [2, 4], [1, 6]]
('Thread ', 8, ' found result @ ', 44541.917053461075)
[[0, 4], [2, 5], [3, 7], [4, 5], [5, 7], [6, 5], [7, 7], [5, 6], [6, 4], [7, 6], [5, 5], [6, 7], [7, 5], [6, 3], [7, 1], [5, 2], [6, 0], [7, 2], [5, 3], [6, 1], [7, 3], [5, 4], [6, 6], [7, 4], [6, 2], [7, 0], [5, 1], [4, 3], [3, 5], [4, 7], [2, 6], [0, 7], [1, 5], [0, 3], [1, 1], [3, 0], [2, 2], [4, 1], [3, 3], [1, 2], [0, 0], [2, 1], [4, 0], [3, 2], [2, 0], [0, 1], [1, 3], [3, 4], [4, 6], [2, 7], [0, 6], [1, 4], [0, 2], [1, 0], [3, 1], [5, 0], [4, 2], [2, 3], [4, 4], [3, 6], [1, 7], [0, 5], [2, 4], [1, 6]]
('Thread ', 8, ' found result @ ', 44567.26917171478)
[[0, 4], [2, 5], [3, 7], [4, 5], [5, 7], [6, 5], [7, 7], [5, 6], [6, 4], [7, 6], [5, 5], [6, 7], [7, 5], [6, 3], [7, 1], [5, 2], [6, 0], [7, 2], [5, 3], [6, 1], [7, 3], [5, 4], [6, 6], [7, 4], [6, 2], [7, 0], [5, 1], [4, 3], [3, 5], [4, 7], [2, 6], [0, 7], [1, 5], [0, 3], [1, 1], [3, 0], [2, 2], [4, 1], [2, 0], [0, 1], [1, 3], [0, 5], [1, 7], [3, 6], [4, 4], [2, 3], [0, 2], [1, 0], [3, 1], [5, 0], [4, 2], [3, 4], [4, 6], [2, 7], [0, 6], [1, 4], [3, 3], [1, 2], [0, 0], [2, 1], [4, 0], [3, 2], [2, 4], [1, 6]]
('Thread ', 8, ' found result @ ', 44573.425662994385)
[[0, 4], [2, 5], [3, 7], [4, 5], [5, 7], [6, 5], [7, 7], [5, 6], [6, 4], [7, 6], [5, 5], [6, 7], [7, 5], [6, 3], [7, 1], [5, 2], [6, 0], [7, 2], [5, 3], [6, 1], [7, 3], [5, 4], [6, 6], [7, 4], [6, 2], [7, 0], [5, 1], [4, 3], [3, 5], [4, 7], [2, 6], [0, 7], [1, 5], [0, 3], [1, 1], [3, 0], [2, 2], [4, 1], [2, 0], [0, 1], [1, 3], [3, 2], [4, 0], [2, 1], [0, 0], [1, 2], [3, 3], [1, 4], [0, 6], [2, 7], [4, 6], [3, 4], [4, 2], [5, 0], [3, 1], [1, 0], [0, 2], [2, 3], [4, 4], [3, 6], [1, 7], [0, 5], [2, 4], [1, 6]]
('Thread ', 8, ' found result @ ', 44580.77011013031)
[[0, 4], [2, 5], [3, 7], [4, 5], [5, 7], [6, 5], [7, 7], [5, 6], [6, 4], [7, 6], [5, 5], [6, 7], [7, 5], [6, 3], [7, 1], [5, 2], [6, 0], [7, 2], [5, 3], [6, 1], [7, 3], [5, 4], [6, 6], [7, 4], [6, 2], [7, 0], [5, 1], [4, 3], [3, 5], [4, 7], [2, 6], [0, 7], [1, 5], [0, 3], [1, 1], [3, 0], [2, 2], [0, 1], [1, 3], [0, 5], [1, 7], [3, 6], [4, 4], [2, 3], [0, 2], [1, 0], [3, 1], [5, 0], [4, 2], [3, 4], [4, 6], [2, 7], [0, 6], [1, 4], [3, 3], [4, 1], [2, 0], [3, 2], [4, 0], [2, 1], [0, 0], [1, 2], [2, 4], [1, 6]]
('Thread ', 8, ' found result @ ', 44580.7960562706)
[[0, 4], [2, 5], [3, 7], [4, 5], [5, 7], [6, 5], [7, 7], [5, 6], [6, 4], [7, 6], [5, 5], [6, 7], [7, 5], [6, 3], [7, 1], [5, 2], [6, 0], [7, 2], [5, 3], [6, 1], [7, 3], [5, 4], [6, 6], [7, 4], [6, 2], [7, 0], [5, 1], [4, 3], [3, 5], [4, 7], [2, 6], [0, 7], [1, 5], [0, 3], [1, 1], [3, 0], [2, 2], [0, 1], [1, 3], [0, 5], [1, 7], [3, 6], [4, 4], [2, 3], [0, 2], [1, 0], [3, 1], [5, 0], [4, 2], [3, 4], [4, 6], [2, 7], [0, 6], [1, 4], [3, 3], [4, 1], [2, 0], [1, 2], [0, 0], [2, 1], [4, 0], [3, 2], [2, 4], [1, 6]]
('Thread ', 8, ' found result @ ', 44596.53974914551)
[[0, 4], [2, 5], [3, 7], [4, 5], [5, 7], [6, 5], [7, 7], [5, 6], [6, 4], [7, 6], [5, 5], [6, 7], [7, 5], [6, 3], [7, 1], [5, 2], [6, 0], [7, 2], [5, 3], [6, 1], [7, 3], [5, 4], [6, 6], [7, 4], [6, 2], [7, 0], [5, 1], [4, 3], [3, 5], [4, 7], [2, 6], [0, 7], [1, 5], [0, 3], [1, 1], [3, 0], [2, 2], [0, 1], [1, 3], [3, 2], [4, 0], [2, 1], [0, 0], [1, 2], [2, 0], [4, 1], [3, 3], [1, 4], [0, 6], [2, 7], [4, 6], [3, 4], [4, 2], [5, 0], [3, 1], [1, 0], [0, 2], [2, 3], [4, 4], [3, 6], [1, 7], [0, 5], [2, 4], [1, 6]]
('Thread ', 8, ' found result @ ', 44622.81356096268)
[[0, 4], [2, 5], [3, 7], [4, 5], [5, 7], [6, 5], [7, 7], [5, 6], [6, 4], [7, 6], [5, 5], [6, 7], [7, 5], [6, 3], [7, 1], [5, 2], [6, 0], [7, 2], [5, 3], [6, 1], [7, 3], [5, 4], [6, 6], [7, 4], [6, 2], [7, 0], [5, 1], [4, 3], [3, 5], [4, 7], [2, 6], [0, 7], [1, 5], [0, 3], [1, 1], [3, 0], [2, 2], [0, 1], [2, 0], [4, 1], [3, 3], [1, 4], [0, 6], [2, 7], [4, 6], [3, 4], [4, 2], [5, 0], [3, 1], [1, 0], [0, 2], [2, 3], [4, 4], [3, 6], [1, 7], [0, 5], [1, 3], [3, 2], [4, 0], [2, 1], [0, 0], [1, 2], [2, 4], [1, 6]]
('Thread ', 8, ' found result @ ', 44629.5640103817)
[[0, 4], [2, 5], [3, 7], [4, 5], [5, 7], [6, 5], [7, 7], [5, 6], [6, 4], [7, 6], [5, 5], [6, 7], [7, 5], [6, 3], [7, 1], [5, 2], [6, 0], [7, 2], [5, 3], [6, 1], [7, 3], [5, 4], [6, 6], [7, 4], [6, 2], [7, 0], [5, 1], [4, 3], [3, 5], [4, 7], [2, 6], [0, 7], [1, 5], [0, 3], [1, 1], [3, 0], [2, 2], [0, 1], [2, 0], [4, 1], [3, 3], [1, 2], [0, 0], [2, 1], [4, 0], [3, 2], [4, 4], [2, 3], [4, 2], [5, 0], [3, 1], [1, 0], [0, 2], [1, 4], [0, 6], [2, 7], [4, 6], [3, 4], [1, 3], [0, 5], [1, 7], [3, 6], [2, 4], [1, 6]]
('Thread ', 8, ' found result @ ', 44629.77269434929)
[[0, 4], [2, 5], [3, 7], [4, 5], [5, 7], [6, 5], [7, 7], [5, 6], [6, 4], [7, 6], [5, 5], [6, 7], [7, 5], [6, 3], [7, 1], [5, 2], [6, 0], [7, 2], [5, 3], [6, 1], [7, 3], [5, 4], [6, 6], [7, 4], [6, 2], [7, 0], [5, 1], [4, 3], [3, 5], [4, 7], [2, 6], [0, 7], [1, 5], [0, 3], [1, 1], [3, 0], [2, 2], [0, 1], [2, 0], [4, 1], [3, 3], [1, 2], [0, 0], [2, 1], [4, 0], [3, 2], [1, 3], [3, 4], [4, 6], [2, 7], [0, 6], [1, 4], [0, 2], [1, 0], [3, 1], [5, 0], [4, 2], [2, 3], [4, 4], [3, 6], [1, 7], [0, 5], [2, 4], [1, 6]]
